================================================================================
Cost: 1535
================================================================================

Period	|	Num. Resource	|	Per. Wildfire	|	Per. Buid
--------------------------------------------------------------------------------
      1	|	        4	|	          5.6	|	5.4399999999999995
      2	|	        4	|	          5.7	|	          10.88
      3	|	        0	|	            0	|	          10.88
      4	|	        0	|	            0	|	          10.88
      5	|	        0	|	            0	|	          10.88
      6	|	        0	|	            0	|	          10.88
      7	|	        0	|	            0	|	          10.88
      8	|	        0	|	            0	|	          10.88
      9	|	        0	|	            0	|	          10.88
     10	|	        0	|	            0	|	          10.88
PR[i,t]*w[i,t] [*,*] (tr)
# $5 = BellB412_2
:  BellB212_1 BellB212_2 BellB407_1 BellB412_1  $5 Dozer1 Dozer2 Ka32_1 Ka32_2 :=
1       0          0         1.9         0       0    1      1      0     1.54
2       0          0         1.9         0       0    1      1      0     1.54
3       0          0         0           0       0    0      0      0     0
4       0          0         0           0       0    0      0      0     0
5       0          0         0           0       0    0      0      0     0
6       0          0         0           0       0    0      0      0     0
7       0          0         0           0       0    0      0      0     0
8       0          0         0           0       0    0      0      0     0
9       0          0         0           0       0    0      0      0     0
10      0          0         0           0       0    0      0      0     0
;

